10
455
3118 2546
2455 2737
5224 6351
8887 3262
5240 8727
6201 7130
7436 776
5666 1201
7025 6418
4293 4930
6410 1378
5956 9600
3036 8665
2976 8799
1576 6554
6360 7892
6936 446
5241 3632
103 5978
8117 3525
475 4762
4832 7474
7173 3070
5273 3731
6886 2307
8870 4210
8889 4842
234 8996
8067 5250
1322 3368
1306 4317
5987 2455
6911 6203
5921 5822
7615 2363
5824 5200
11 4556
5305 1062
10578 11261
8145 1856
8188 7659
4462 5098
1432 4777
8520 4415
7459 3791
5542 7089
2165 926
6830 3652
8472 6615
2316 6929
7519 4509
6666 8441
7052 4963
2202 5904
1034 2889
2403 8439
4046 9185
4334 5973
7365 6381
6440 247
5844 5170
8861 1048
2505 6854
3641 5843
5989 5775
6849 3019
1404 1126
4872 7512
4803 7476
6700 2597
4211 2151
1042 4856
4921 4099
9171 6683
2498 5753
4957 978
4213 5463
5935 3647
667 6722
3034 7215
2918 2177
2960 1875
8700 5531
8007 9750
1118 5693
3750 4802
7600 6276
2189 8711
7478 7046
882 6422
3787 5730
8633 5176
7840 4537
5465 1839
1698 1151
188 6262
6869 3541
5573 4591
7410 5878
6244 7226
5109 5088
4015 3535
12695 14230
6084 8506
8518 6859
4880 3380
5189 2414
5756 5456
6168 976
3629 1073
3336 5881
4214 562
961 2465
2130 2048
639 3926
6340 4143
1628 7729
10856 8729
4665 6217
6949 7810
4591 7061
1118 6051
3217 6491
5739 7312
4212 288
4393 4133
8596 8885
8721 8095
7814 1310
6100 7432
2647 5949
7561 2072
6243 7506
8919 1296
5486 9073
6652 5308
8544 4489
9255 2679
3155 1698
6160 7423
609 4624
5378 6585
346 3911
6128 4058
3991 7650
3435 8971
10247 4595
3185 1093
2833 6539
6741 7230
6053 1130
6715 5916
1836 397
7337 8006
4830 2602
6731 2201
5468 3381
7404 6958
1803 3783
6862 6130
8636 1033
6626 11819
3940 4727
2651 1301
5540 2846
9096 5566
2285 3320
2862 8764
6881 6279
7735 8014
2570 648
7225 5819
3891 3307
823 2094
3057 6061
308 1061
5203 2605
5093 5405
7544 4207
897 7709
159 7277
4947 10357
3758 7598
4863 3898
3040 6592
2774 6788
1118 5164
7150 144
4057 1266
2113 6758
1998 3793
5188 6839
3585 5125
579 8168
2345 2168
6473 8111
442 5162
8461 8292
5034 7961
6133 3732
5885 5617
64 8475
13 3474
468 5512
4333 7184
3738 955
6085 4057
6343 9817
8805 4508
2846 5629
6426 8574
8477 4898
6003 4173
6386 1112
1668 2092
4996 6461
8441 3013
9099 4013
7570 4235
7759 8385
2592 6551
1874 3443
8687 5894
7646 559
2532 8224
5969 5713
7781 8418
997 7463
5665 3687
7018 2175
4824 5912
6435 6824
6450 6387
468 5132
8911 4511
3806 3615
7969 825
8038 837
6289 8916
3056 6467
7438 7774
1003 6431
5771 6283
7850 7950
5607 4060
893 6097
6924 777
5830 9890
79 5854
3452 2720
3584 2720
6606 8108
3496 2668
918 1050
2845 8568
4311 2615
5997 3535
7153 1873
8458 5877
8239 459
8477 5016
4085 8163
2 8543
8944 3879
5085 5469
4393 6286
6094 7766
2321 5241
3852 1664
8344 5630
7512 8106
3670 8640
1626 4962
8961 2610
7844 1248
2007 2323
4080 8430
4734 3802
5195 4074
5589 3118
542 5095
2236 6070
7271 5990
1906 8413
359 4832
4287 6118
8609 547
3815 644
2147 3588
1715 2448
8316 8204
1620 2093
4365 8194
8016 7866
5018 2711
6100 4990
2905 2273
3546 8893
8919 5032
5029 8836
6629 485
8133 7002
5191 607
1284 1293
5108 8405
988 5393
7793 920
5137 914
7490 3910
898 476
6761 1770
1663 7827
7408 7574
5035 4059
1283 115
1849 3545
331 8291
5707 502
3964 8460
4228 6297
9844 4477
244 8311
1448 4671
9430 7331
11168 4539
3677 3178
633 2575
6575 1822
4442 1719
5238 944
6449 2002
7864 2249
1142 7533
5873 4237
3483 3181
5647 561
9742 4921
1839 6840
2132 6722
7962 697
2545 7839
8888 8581
6666 2152
6887 9983
1561 486
5721 8772
4032 1238
5514 8806
7809 4825
7519 2593
7230 964
4571 7250
657 2515
6666 5039
8727 3372
1598 4907
4794 6092
4548 5025
2211 4194
7923 7891
1938 2481
8146 1051
3213 6503
1111 1224
4591 1958
8608 5713
4964 1994
2077 7969
8916 1075
8473 2062
285 5043
7486 4637
2595 2220
3446 4869
4811 7162
1329 2786
3379 41
1785 3079
9853 7173
8051 3980
6417 3276
2692 8695
4114 203
3419 1599
5442 1539
5293 2471
4053 5904
1175 6154
5216 769
4385 3220
8255 2892
7287 8924
4032 877
96 637
4717 7957
3343 8074
2735 6654
2913 3821
8810 2009
5638 8196
5057 6283
5358 6351
8635 260
5954 19
5804 782
3983 6121
1171 8298
2802 10868
13631 12914
5389 1141
1602 6068
9700 3349
4575 8478
7062 6565
2088 58
8013 4641
5269 443
4512 3386
10706 10666
2842 4510
7559 3519
3844 5728
5225 3326
727 3776
7479 2845
3143 6113
1834 6687
8365 3299
3163 4347
3675 6343
5975 6970
3473 3716
7563 5452
1048 7760
8892 763
2761 83
6368 3265
5185 1019
650 5379
2307 5553
1411 1387
3626 4181
6892 6800
5167 3634
5896 2308
3386 3649
1671 2818
1702 270
5026 5425
6744 6438
7696 70
2004 5256
1223 6139
5101 2243
5738 8056
8
0 0
0 4
1 2
2 4
4 3
4 5
5 1
6 5
16
39 16
31 6
9 8
28 12
39 17
21 27
46 30
20 26
36 20
29 28
47 28
20 13
21 32
36 3
19 12
33 28
24
70 16
8 63
16 17
0 32
44 23
23 72
75 29
32 35
51 60
109 49
74 73
44 93
40 58
49 39
13 15
39 4
92 39
49 9
57 38
31 48
39 78
34 63
78 75
61 49
35
12 150
172 35
233 22
82 188
133 94
153 162
196 147
140 64
81 161
166 105
105 2
200 165
214 87
66 263
161 2
35 193
225 39
2 166
49 131
219 203
93 134
217 194
164 66
145 155
225 317
72 229
112 139
36 89
222 260
23 47
213 190
7 76
97 333
132 113
235 233
73
800 315
654 329
162 405
933 42
599 169
753 613
403 593
413 832
493 486
63 35
590 920
587 452
576 1126
72 966
554 2
254 788
1005 1050
201 993
583 825
137 991
540 889
642 730
600 306
563 722
645 400
339 215
928 894
415 957
522 269
109 55
957 480
684 904
431 892
529 37
1279 598
57 661
830 867
305 178
732 200
500 16
604 770
82 699
744 966
211 279
110 441
455 500
176 999
254 520
1601 716
961 896
677 937
400 297
349 344
117 144
491 824
532 967
871 465
239 903
209 887
213 717
498 744
584 7
958 41
161 386
658 57
825 725
886 483
569 778
602 129
812 353
459 1191
502 567
685 352
108
525 368
632 611
193 1591
621 1935
1967 1831
1630 223
1038 919
857 1163
272 1491
1543 1293
1804 265
2142 1253
123 1255
774 1777
2179 863
190 519
1658 1397
598 1537
2368 922
636 283
267 777
1019 2609
333 1592
603 1975
499 670
763 1156
1635 738
692 511
1649 186
367 575
1744 929
1773 419
1520 1410
1502 1408
1416 1729
1301 1419
1504 1675
382 775
1355 771
127 1406
1474 1851
2878 929
1469 779
298 934
1628 1202
1287 27
1301 1241
1979 414
1838 473
160 1564
685 753
2579 1329
1858 915
1317 404
2656 1304
697 1370
1859 1154
891 234
943 1680
153 920
1964 1834
796 1231
1319 1303
1478 1301
593 1470
1218 1720
781 204
2170 266
1737 1831
1985 635
1306 1481
1090 180
831 1964
1181 297
1682 1892
695 1982
1779 397
277 1210
935 1673
50 1052
1756 1107
494 1687
1574 1266
1847 481
408 845
433 747
1737 1728
1593 273
944 1876
377 988
371 1355
1099 1450
1686 346
1462 1234
183 1105
1670 1729
1978 1562
268 1636
1989 1597
725 1701
131 975
1062 1933
1939 1836
1839 1326
818 23
342 1103
89 1801
1203 1133
400
2661 6234
246 1272
1926 390
4262 3237
3455 141
4232 1062
3163 4760
6299 3903
408 4576
309 3336
5119 3023
4553 4180
4215 1542
1031 2007
4860 2980
3246 4480
426 4002
5569 4365
1594 1977
3001 4903
4904 3168
4989 3706
1417 5137
7752 6712
2184 5327
2121 3975
1730 4041
2088 233
6326 5320
5960 2118
1032 6362
2983 2443
2542 6252
1293 1364
4916 4637
2221 3271
5213 3575
4987 3437
2357 827
5803 4913
4245 2151
4077 2192
63 289
5563 3335
4359 4760
4294 4961
6023 2838
1586 3663
3678 4767
4804 4341
4555 1259
1628 3951
2889 7873
4447 2479
536 3417
1838 4661
3812 1275
6027 5970
1805 1667
4338 1972
2847 5013
7455 7513
311 3520
2952 2385
3853 3945
5994 2082
4837 2919
1134 3602
3232 3768
797 269
1592 2085
5260 5036
4481 3226
6349 5032
2236 5416
1635 4046
3477 1838
1453 4241
3211 288
4387 3698
4302 2870
5616 3859
3463 369
3205 4950
4330 2711
1978 3921
2073 3916
3175 1735
4287 3959
4663 2929
932 4565
5031 6024
1462 4156
943 2806
6461 6879
3427 3631
2534 4063
2175 4443
3746 4977
2501 4068
4913 3435
3591 3203
1022 5433
839 389
2048 4376
442 607
3621 5127
1790 1810
2398 4151
7471 3835
2501 2568
3066 4773
1738 4705
1694 1452
4498 1280
1847 3450
1794 3788
1875 2462
4540 3227
5530 1929
3077 686
984 219
5353 3211
1865 293
4491 748
935 4773
4326 3318
4011 6691
4376 2488
1860 3945
2288 3210
3181 1862
2056 4971
5216 4677
1411 1933
3914 3749
265 4000
1504 7811
4061 2799
1286 5557
4503 2838
1511 1901
3954 5430
1271 3225
1640 1568
451 121
873 2877
2872 4944
2172 5715
1500 4726
805 307
3351 5729
3767 2627
656 2995
2549 4314
619 4028
3418 4442
3745 429
564 262
1523 4688
5891 5685
164 2767
1205 4694
4337 2363
1543 3614
3782 5308
917 4104
1298 2956
4655 1821
2579 3980
675 3259
1387 2272
1736 5317
2819 6569
3439 5810
2070 2136
4963 1580
5412 4038
4443 2077
4101 2330
1793 3881
3135 4195
1118 445
5957 2956
1430 1084
2679 6951
4349 1449
1747 4914
2839 2571
2352 1357
3823 3473
3231 3563
2549 811
4532 1904
1020 4424
4900 3928
928 2880
0 1844
3107 2283
4227 3501
2538 1834
3093 4525
3123 1597
2805 3027
2428 3280
3364 1639
4896 3477
3862 578
523 1996
3065 1332
3411 4405
6779 1143
3152 203
3127 860
1982 1814
2155 3423
4560 424
3129 4816
1112 5968
2362 1587
1447 3492
896 873
747 1625
3512 4965
3481 370
2783 2813
2237 1822
1602 1900
2781 4865
3385 3564
1477 329
1565 453
560 4913
1965 1562
3527 1518
237 4605
3814 5673
1645 1346
2846 3183
1819 4417
679 424
601 4771
3753 1851
6953 4571
258 1661
2844 4676
6109 5995
4422 4933
3271 4859
1958 4229
3859 3107
1050 3325
993 4251
536 3213
932 3758
2221 3547
3941 3589
4985 6636
3087 4239
4866 5869
3480 967
1976 5250
3915 2412
5219 2796
2586 801
1596 4268
3116 4840
3003 2934
4629 4441
903 2794
1223 2607
1367 2413
2460 1935
2876 3527
4902 3316
2251 3304
2967 324
4950 1089
5640 7115
5117 642
3874 2570
613 1845
1088 2529
1961 640
3617 2968
2736 4408
4370 4341
2463 3154
4207 2835
3762 7615
2263 3109
1893 2104
4666 3300
2092 2119
3590 4287
2119 590
1960 3180
841 3199
3405 3782
2629 2371
319 4160
4481 4715
769 3915
5039 3669
219 4754
4566 4052
927 3914
1259 4017
3055 511
4428 4360
3062 4573
2922 4461
2959 1873
4413 4833
690 2437
2747 287
1999 4867
3255 1276
540 4685
3505 2729
1188 2995
626 4223
3920 3093
2785 4786
2288 3297
301 2912
2574 6866
1435 1013
4493 4102
2800 6138
4187 4131
1420 1889
2495 2093
4923 5077
4367 4633
1193 3743
3520 1033
6957 2656
3598 4554
2054 4863
3930 3525
5112 3093
3319 5889
622 5024
4139 4102
691 4624
4365 1278
781 5059
1754 4416
2425 1777
3594 825
3773 7788
4430 408
5642 4037
2105 2776
2446 5704
2478 782
4155 1811
3441 2039
3913 1206
2249 3542
1377 4822
2195 4631
1217 561
2668 2082
3392 6682
611 3582
3451 6302
5252 2533
3648 2118
734 2767
3007 3631
4862 5630
2873 4376
675 4017
2906 1448
3820 1430
1024 2652
1574 1669
971 4276
693 501
1507 1933
2094 3730
836 5472
1671 3009
451 339
4482 1152
4763 4477
5257 1793
1315 888
6630 3450
2666 2005
672 4076
1459 3162
3008 269
2045 1469
7490 2884
1631 2367
2382 5901
4302 4019
195
435 3986
1535 5966
1484 3052
986 7805
3022 7946
2877 529
2541 5818
7996 7934
1095 5766
5657 167
4613 6573
6662 1244
2298 7051
1125 400
7801 3767
741 7467
7716 7962
1902 3545
3343 2669
7203 3583
7866 674
5751 6800
6499 3910
5877 6732
306 4228
1840 5082
4926 4574
3619 3539
5165 2457
6355 7945
1952 6825
6971 1079
6140 5810
2108 399
3542 599
6109 8114
3665 7038
2694 6416
6433 413
8267 10417
2376 553
1698 3731
6083 1105
2578 6732
4871 6206
4180 4042
3774 1753
1427 7234
8538 12900
779 5543
108 7888
1666 2800
8529 10139
3003 7456
1684 6901
811 4738
5389 2386
3376 506
6887 6939
7503 192
2102 1620
5826 2027
1383 3401
5677 5773
5634 2131
2921 4439
2267 5970
4272 7200
3857 152
3105 5426
5701 4040
4681 6813
7328 5144
4599 1069
2982 148
4323 1871
3053 1353
1886 1805
6738 4825
3311 7904
3955 6402
4149 6261
3972 3675
4698 4724
1309 6487
7777 5902
5696 1606
3689 6089
6182 2145
2062 2239
8794 10497
5311 3981
7525 7812
5414 2804
614 1511
7626 8548
4205 775
604 846
2704 7805
5992 4584
5655 4791
1134 2429
720 4408
4496 1118
6 6267
5184 4750
512 6367
6068 2152
1073 4655
7113 853
6800 5399
5444 522
5442 1840
6360 674
6420 1206
3406 2042
5589 314
1024 5575
7847 37
2584 5302
5861 3045
5078 2681
4105 3100
3020 3440
4733 4301
3916 5393
7049 3629
3884 7577
3229 8115
9025 10708
8624 3802
5674 4301
6547 2769
4225 8650
5035 2293
4013 501
5579 9804
2791 5654
7346 2977
4825 2335
3339 1849
2373 7606
4213 4810
735 3469
3407 8840
6507 4507
7185 7089
4358 4878
7314 5253
2801 6048
5058 956
3205 2075
7212 4966
6356 2463
1300 4783
4741 4545
5708 1646
6459 5940
7870 294
4110 9875
3514 6715
5735 2923
7424 7076
1781 3397
1812 6455
2417 253
2801 4028
2525 3679
3154 794
6037 3743
3168 4224
4744 537
2952 3374
2500 7699
2198 2260
2700 4260
9317 6525
576 4685
4409 4905
7388 8754
443 5678
427 5108
309 647
4086 3432
1007 7051
6303 5544
5778 1631
4774 9329
6996 3670
7311 963
7694 649
743 3737
2022 4226
3274 7104
546 7460
285
7913 4688
5501 7280
6380 4571
8927 8524
8456 5621
2886 2885
1489 3476
499 1772
8721 3289
2443 5528
1883 8351
5125 2596
5545 5754
6936 8639
890 1816
2489 2902
6900 6242
7858 5693
8417 1420
2481 7690
8164 65
6434 8055
2842 4842
7406 272
6114 3514
3566 5380
6860 7021
1335 2770
467 6783
4495 7025
912 7981
4770 1570
1525 2036
1582 322
2631 2011
4485 917
2699 4097
5653 10657
8681 3041
1346 644
2410 4998
123 7963
7015 854
6235 8427
7962 3651
761 4526
513 5957
7722 4914
5966 5830
7733 586
8644 3782
6757 7004
5297 6753
766 5810
1575 594
2011 7773
8508 4195
8183 5851
7648 4574
8396 3702
7736 4225
2253 22
8093 602
9223 6030
452 8842
8540 9229
11609 449
571 3861
2684 7520
8418 3397
6585 6419
3990 2521
5882 3706
5377 8762
10050 8358
8559 1685
3724 1026
4670 8350
591 2559
6536 7361
7499 5720
1317 6865
2796 2926
3115 4557
1516 6341
4344 8040
4879 8523
6174 7277
7282 4103
3084 2397
2722 2848
4953 8683
6778 7577
6322 8595
274 1844
3981 5323
5396 5697
3437 6397
4359 4831
6529 8212
4459 6632
5797 7990
8770 3521
7081 2900
1932 3624
7572 939
8118 6987
8881 9589
655 1338
9322 6437
1064 1543
1679 1851
6321 7078
4096 1311
8030 6150
4166 7752
6504 7226
8574 1943
11462 8067
9985 6131
7920 2782
7465 5595
7591 5058
3880 6968
5828 3203
3449 6355
5897 3156
5111 7343
8393 6227
327 1936
6963 2580
2578 4103
7358 4231
1142 2916
2900 8508
6994 1542
1875 8140
1336 5965
8007 8084
3459 3526
5304 3939
4398 7317
7804 3791
7650 4346
1772 1788
8080 2967
7340 4122
5156 3766
4416 734
5314 2186
5518 7408
2319 10203
5525 5035
4692 7352
8818 277
1394 6789
832 4935
4877 5962
6723 869
579 8676
1824 7186
254 3246
2743 580
1923 5107
6133 2846
8462 3018
8428 757
540 3423
8474 229
7187 1368
3796 3068
4481 6579
385 2623
4086 2415
6836 7958
2197 8964
3768 9504
4797 7368
528 7232
6664 4079
903 8458
629 7240
3930 906
905 1523
7200 5604
6065 9464
6638 4200
8532 7720
1272 1743
6155 8360
2071 1014
938 1020
7917 1305
1595 800
4830 829
91 8541
3543 236
5201 5709
10205 10033
3068 2120
10378 6034
1104 6291
8873 6466
4374 2948
12898 6375
999 1703
4201 8424
2947 6930
3673 440
4068 5530
334 8028
4811 3555
1429 1996
6875 8425
3290 492
4763 2250
8151 7562
6176 3475
4009 13166
5718 5278
1482 7113
6542 51
8855 4216
10614 6724
324 7960
8447 8102
2359 7979
3573 8511
6722 7749
8595 1443
7954 4406
64 5718
7671 12296
437 4766
2947 997
2771 743
3160 7193
8006 8485
3996 6285
1232 4438
709 631
2193 8339
5318 3026
8233 2430
5630 8343
5220 4588
969 8167
4344 2368
908 1028
8905 6316
371 8432
8952 8433
4399 2142
7073 838
1317 7518
5246 6624
2063 1623
3033 384
2718 7080
789 309
1815 2071
8613 2626
4530 1467
5215 7170
6846 8204
4032 5187
3053 7194
8587 4131
3366 8648
1680 635
2478 6695
5736 2087
3653 2919
5291 7207
911 6866
931 6999
6925 3349
46 3470
8116 4337
1346 1718
14400 621
5740 5279
2511 7190
6820 2961
2525 7499
